 -23142   2064 -19312   -541  22219  -1833  20491  11679
   5379 -22760  14792 -16387  -4175  22732  19535   5086
 -10899  26881  21812  16312 -12716  -2062   2478 -13397
 -16133 -20120   5670  -1603  24253 -26528 -24545 -23105
 -17557 -28826  -9912  -2892 -29591 -13843 -26540   4515
   9870  -6542  13433   -132  31887   2868  -6645  -4765
  -3580  21214  -8161 -30972 -25138  23437  -9319   9702
   7988   4887  25500  -8824   6119 -22597  -6032   2056
   6094   8830 -23170  20446  28011 -15575 -25554 -25491
   3389  16916 -20628
